Accuracy: 0.5501355013550135
Precision: 0.4235294117647059
Recall: 0.23529411764705882
F1-score: 0.3025210084033613
AUC: 0.5306221253933672
